->20   (0, -30, 0)
 ->10   (0, 3, 20)
 ->42   (1, -17, 20)
 ->4    (0, -1, 10)
 ->15   (0, 0, 10)
 ->30   (0, 2, 42)
 ->70   (0, -1, 42)
 ->2    (0, 0, 4)
 ->7    (1, 1, 4)
 ->12   (0, -1, 15)
 ->18   (0, 1, 15)
 ->25   (0, -2, 30)
 ->37   (0, 2, 30)
 ->60   (0, -1, 70)
 ->80   (1, -4, 70)
 ->1    (1, 0, 2)
 ->3    (1, 0, 2)
 ->5    (0, -1, 7)
 ->9    (0, 0, 7)
 ->14   (1, 0, 12)
 ->16   (1, 0, 18)
 ->23   (0, 1, 25)
 ->28   (1, 1, 25)
 ->35   (0, 0, 37)
 ->40   (0, 0, 37)
 ->48   (1, -1, 60)
 ->65   (1, 0, 60)
 ->78   (0, 2, 80)
 ->93   (0, 2, 80)
 ->6    (1, 0, 5)
 ->21   (1, 0, 23)
 ->27   (0, 1, 28)
 ->29   (0, 0, 28)
 ->33   (1, 0, 35)
 ->36   (1, 0, 35)
 ->47   (0, 1, 48)
 ->55   (0, 0, 48)
 ->62   (0, 0, 65)
 ->68   (0, 0, 65)
 ->73   (0, 0, 78)
 ->79   (0, 0, 78)
 ->82   (1, -2, 93)
 ->95   (1, 0, 93)
 ->26   (1, 0, 27)
 ->44   (1, 0, 47)
 ->49   (1, 0, 55)
 ->58   (1, 0, 55)
 ->61   (1, 0, 62)
 ->63   (1, 0, 62)
 ->66   (1, 0, 68)
 ->69   (1, 0, 68)
 ->71   (1, 0, 73)
 ->74   (1, 0, 73)
 ->81   (0, 0, 82)
 ->88   (0, 0, 82)
 ->94   (0, 0, 95)
 ->99   (0, 0, 95)
 ->85   (1, 0, 88)
 ->89   (1, 0, 88)
